--- diff	2018-03-18 21:49:54.000000000 +0100
+++ ../vm_champs/diff	2018-03-18 21:49:47.000000000 +0100
@@ -1,5 +1,5 @@
-1 champions loaded.
-1 champions loaded.
+Introducing contestants...
+* Player 1, weighing 639 bytes, "Overwatch" ("Reinhardt, Pharah, Mercy, Mei, Symmetra & Torbjorn") !
 0x0000 : 02 90 00 00 00 00 01 03 00 00 00 00 01 ff ff ff ff 09 ff fb 03 70 0f ff f4 03 70 10 ff ea 0c 00 5b 03 70 01 00 06 01 ff ff ff ff 0c 01 70 03 70 01 00 06 01 ff ff ff ff 02 90 00 09 00 00 0d 02 
 0x0040 : 90 00 00 00 08 0e 02 90 ff ff fe 01 0f 02 90 00 00 00 00 10 09 00 03 02 90 0b 54 0d 0e 0b 02 90 10 09 fe 62 0c 02 90 00 00 00 00 10 03 70 0b fe 0b 03 70 0c fe 0a 09 fe 01 03 70 01 00 06 01 ff 
 0x0080 : ff ff ff 0c 00 2c 03 70 01 00 06 01 ff ff ff ff 02 90 0b 54 0d 0f 0d 02 90 ff ff fe 67 0e 02 90 ff ff ff eb 0f 02 90 00 00 00 00 10 09 ff ab 03 70 01 00 06 01 ff ff ff ff 02 90 10 09 ff e6 0d 
@@ -31,7 +31,7 @@
 0x0700 : 00 00 00 00 00 09 00 00 00 00 00 00 00 00 00 00 00 00 00 00 00 00 00 00 00 00 09 00 00 00 00 00 00 00 00 00 00 00 00 00 00 00 00 00 00 00 00 09 00 00 00 00 00 00 00 00 00 00 00 00 00 00 00 00 
 0x0740 : 00 00 00 00 09 00 00 00 00 00 00 00 00 00 00 00 00 00 00 00 00 00 00 00 00 09 00 00 00 00 00 00 00 00 00 00 00 00 00 00 00 00 00 00 00 00 09 00 00 00 00 00 00 00 00 00 00 00 00 00 00 00 00 00 
 0x0780 : 00 00 00 09 00 00 00 00 00 00 00 00 00 00 00 00 00 00 00 00 00 00 00 00 09 00 00 00 00 00 00 00 00 00 00 00 00 00 00 00 00 00 00 00 00 09 00 00 00 00 00 00 00 00 00 00 00 00 00 00 00 00 00 00 
-0x07c0 : 00 00 09 00 00 00 00 00 00 00 00 00 10 09 ff e6 00 00 00 00 00 00 00 09 00 00 00 00 00 0b 54 0d 0f 10 09 ff e6 00 00 00 00 00 00 00 09 00 00 00 00 00 0b 54 0d 0f 10 09 ff e6 00 00 00 00 00 00 
+0x07c0 : 00 00 09 00 00 00 00 00 0b 54 0d 0f 10 09 ff e6 00 00 00 00 00 00 00 09 00 00 00 00 00 0b 54 0d 0f 10 09 ff e6 00 00 00 00 00 00 00 09 00 00 00 00 00 0b 54 0d 0f 10 09 ff e6 00 00 00 00 00 00 
 0x0800 : 00 09 00 00 00 00 00 0b 54 0d 0f 10 09 ff e6 00 00 00 00 00 00 00 09 00 00 00 00 00 0b 54 0d 0f 10 09 ff e6 00 00 00 00 00 00 00 09 00 00 00 00 00 0b 54 0d 0f 10 09 ff e6 00 00 00 00 00 00 00 
 0x0840 : 09 00 00 00 00 00 0b 54 0d 0f 10 09 ff e6 00 00 00 00 00 00 00 09 00 00 00 00 00 0b 54 0d 0f 10 09 ff e6 00 00 00 00 00 00 00 09 00 00 00 00 00 0b 54 0d 0f 10 09 ff e6 00 00 00 00 00 00 00 09 
 0x0880 : 00 00 00 00 00 0b 54 0d 0f 10 09 ff e6 00 00 00 00 00 00 00 09 00 00 00 00 00 0b 54 0d 0f 10 09 ff e6 00 00 00 00 00 00 00 09 00 00 00 00 00 0b 54 0d 0f 10 09 ff e6 00 00 00 00 00 00 00 09 00 
